
h =

    0.1667    0.6667    0.1667
    0.6667   -3.3333    0.6667
    0.1667    0.6667    0.1667


B_jpeg(:,:,1) =

  Columns 1 through 14

    0    3   23   24   52    0    0    0    0    0   83    0   52   38
    0    3   23   24   52    0    0    0    0    0   83    0   52   38
    0    3   23   24   52    0    0    0    0    0   83    0   52   38
    0    3   23   24   52    0    0    0    0    0   83    0   52   38
    0    3   23   24   52    0    0    0    0    0   83    0   52   38
    0    3   23   24   52    0    0    0    0    0   83    0   52   38
    0    3   23   24   52    0    0    0    0    0   83    0   52   38
    0    3   23   24   52    0    0    0    0    0   83    0   52   38
    0    3   23   24   52    0    0    0    0    0   83    0   52   38
    0    3   23   24   52    0    0    0    0    0   83    0   52   38
    0    3   23   24   52    0    0    0    0    0   83    0   52   38
    0    3   23   24   52    0    0    0    0    0   83    0   52   38
    0    3   23   24   52    0    0    0    0    0   83    0   52   38
    0    3   23   24   52    0    0    0    0    0   83    0   52   38
    0    3   23   24   52    0    0    0    0    0   83    0   52   38
    0    3   23   24   52    0    0    0    0    0   83    0   52   38

  Columns 15 through 16

    1    0
    1    0
    1    0
    1    0
    1    0
    1    0
    1    0
    1    0
    1    0
    1    0
    1    0
    1    0
    1    0
    1    0
    1    0
    1    0


B_jpeg(:,:,2) =

  Columns 1 through 14

    0    1    0    1   21    0    7    7   27    6   94    0    0    0
    0    1    0    1   21    0    7    7   27    6   94    0    0    0
    0    1    0    1   21    0    7    7   27    6   94    0    0    0
    0    1    0    1   21    0    7    7   27    6   94    0    0    0
    0    1    0    1   21    0    7    7   27    6   94    0    0    0
    0    1    0    1   21    0    7    7   27    6   94    0    0    0
    0    1    0    1   21    0    7    7   27    6   94    0    0    0
    0    1    0    1   21    0    7    7   27    6   94    0    0    0
    0    1    0    1   21    0    7    7   27    6   94    0    0    0
    0    1    0    1   21    0    7    7   27    6   94    0    0    0
    0    1    0    1   21    0    7    7   27    6   94    0    0    0
    0    1    0    1   21    0    7    7   27    6   94    0    0    0
    0    1    0    1   21    0    7    7   27    6   94    0    0    0
    0    1    0    1   21    0    7    7   27    6   94    0    0    0
    0    1    0    1   21    0    7    7   27    6   94    0    0    0
    0    1    0    1   21    0    7    7   27    6   94    0    0    0

  Columns 15 through 16

    0    3
    0    3
    0    3
    0    3
    0    3
    0    3
    0    3
    0    3
    0    3
    0    3
    0    3
    0    3
    0    3
    0    3
    0    3
    0    3


B_jpeg(:,:,3) =

  Columns 1 through 14

    0    4    0    0   50    0   29   38    2    0   32    0   22   10
    0    4    0    0   50    0   29   38    2    0   32    0   22   10
    0    4    0    0   50    0   29   38    2    0   32    0   22   10
    0    4    0    0   50    0   29   38    2    0   32    0   22   10
    0    4    0    0   50    0   29   38    2    0   32    0   22   10
    0    4    0    0   50    0   29   38    2    0   32    0   22   10
    0    4    0    0   50    0   29   38    2    0   32    0   22   10
    0    4    0    0   50    0   29   38    2    0   32    0   22   10
    0    4    0    0   50    0   29   38    2    0   32    0   22   10
    0    4    0    0   50    0   29   38    2    0   32    0   22   10
    0    4    0    0   50    0   29   38    2    0   32    0   22   10
    0    4    0    0   50    0   29   38    2    0   32    0   22   10
    0    4    0    0   50    0   29   38    2    0   32    0   22   10
    0    4    0    0   50    0   29   38    2    0   32    0   22   10
    0    4    0    0   50    0   29   38    2    0   32    0   22   10
    0    4    0    0   50    0   29   38    2    0   32    0   22   10

  Columns 15 through 16

    0    0
    0    0
    0    0
    0    0
    0    0
    0    0
    0    0
    0    0
    0    0
    0    0
    0    0
    0    0
    0    0
    0    0
    0    0
    0    0


B_png(:,:,1) =

  Columns 1 through 14

    0    0    0    0  255    0    0    0    0    0    0  255    0    0
    0    0    0    0  255    0    0    0    0    0    0  255    0    0
    0    0    0    0  255    0    0    0    0    0    0  255    0    0
    0    0    0    0  255    0    0    0    0    0    0  255    0    0
    0    0    0    0  255    0    0    0    0    0    0  255    0    0
    0    0    0    0  255    0    0    0    0    0    0  255    0    0
    0    0    0    0  255    0    0    0    0    0    0  255    0    0
    0    0    0    0  255    0    0    0    0    0    0  255    0    0
    0    0    0    0  255    0    0    0    0    0    0  255    0    0
    0    0    0    0  255    0    0    0    0    0    0  255    0    0
    0    0    0    0  255    0    0    0    0    0    0  255    0    0
    0    0    0    0  255    0    0    0    0    0    0  255    0    0
    0    0    0    0  255    0    0    0    0    0    0  255    0    0
    0    0    0    0  255    0    0    0    0    0    0  255    0    0
    0    0    0    0  255    0    0    0    0    0    0  255    0    0
    0    0    0    0  255    0    0    0    0    0    0  255    0    0

  Columns 15 through 16

    0    0
    0    0
    0    0
    0    0
    0    0
    0    0
    0    0
    0    0
    0    0
    0    0
    0    0
    0    0
    0    0
    0    0
    0    0
    0    0


B_png(:,:,2) =

  Columns 1 through 14

    0    0    0    0    0    0    0    0    0    0  255    0    0    0
    0    0    0    0    0    0    0    0    0    0  255    0    0    0
    0    0    0    0    0    0    0    0    0    0  255    0    0    0
    0    0    0    0    0    0    0    0    0    0  255    0    0    0
    0    0    0    0    0    0    0    0    0    0  255    0    0    0
    0    0    0    0    0    0    0    0    0    0  255    0    0    0
    0    0    0    0    0    0    0    0    0    0  255    0    0    0
    0    0    0    0    0    0    0    0    0    0  255    0    0    0
    0    0    0    0    0    0    0    0    0    0  255    0    0    0
    0    0    0    0    0    0    0    0    0    0  255    0    0    0
    0    0    0    0    0    0    0    0    0    0  255    0    0    0
    0    0    0    0    0    0    0    0    0    0  255    0    0    0
    0    0    0    0    0    0    0    0    0    0  255    0    0    0
    0    0    0    0    0    0    0    0    0    0  255    0    0    0
    0    0    0    0    0    0    0    0    0    0  255    0    0    0
    0    0    0    0    0    0    0    0    0    0  255    0    0    0

  Columns 15 through 16

    0    0
    0    0
    0    0
    0    0
    0    0
    0    0
    0    0
    0    0
    0    0
    0    0
    0    0
    0    0
    0    0
    0    0
    0    0
    0    0


B_png(:,:,3) =

