Pts =

     4     3     1     7
     2     5     7     5


B_jpeg(:,:,1) =

  Columns 1 through 7

    0.0118    0.0039    0.0078    0.1020    0.2902    0.6824    0.8902
    0.0118    0.0039    0.0078    0.1020    0.2902    0.6824    0.8902
    0.0118    0.0039    0.0078         0    0.2902    0.6824    0.8902
    0.0118    0.0039    0.0078         0    0.2902    0.6824    0.8902
    0.0118         0         0         0         0         0         0
    0.0118         0    0.0078         0    0.2902    0.6824    0.8902
    0.0118         0    0.0078         0    0.2902    0.6824    0.8902
    0.0118         0    0.0078         0    0.2902    0.6824    0.8902
    0.0118         0         0         0         0         0         0
    0.0118    0.0039    0.0078    0.1020    0.2902    0.6824    0.8902
    0.0118    0.0039    0.0078    0.1020    0.2902    0.6824    0.8902
    0.0118    0.0039    0.0078    0.1020    0.2902    0.6824    0.8902
    0.0118    0.0039    0.0078    0.1020    0.2902    0.6824    0.8902
    0.0118    0.0039    0.0078    0.1020    0.2902    0.6824    0.8902
    0.0118    0.0039    0.0078    0.1020    0.2902    0.6824    0.8902
    0.0118    0.0039    0.0078    0.1020    0.2902    0.6824    0.8902

  Columns 8 through 14

    0.9882    0.9922    0.8510    0.5098    0.4941    0.1451         0
    0.9882    0.9922    0.8510    0.5098    0.4941    0.1451         0
    0.9882    0.9922    0.8510    0.5098    0.4941    0.1451         0
    0.9882    0.9922    0.8510    0.5098    0.4941    0.1451         0
         0    0.9922    0.8510    0.5098    0.4941    0.1451         0
         0    0.9922    0.8510    0.5098    0.4941    0.1451         0
         0    0.9922    0.8510    0.5098    0.4941    0.1451         0
         0    0.9922    0.8510    0.5098    0.4941    0.1451         0
         0    0.9922    0.8510    0.5098    0.4941    0.1451         0
    0.9882    0.9922    0.8510    0.5098    0.4941    0.1451         0
    0.9882    0.9922    0.8510    0.5098    0.4941    0.1451         0
    0.9882    0.9922    0.8510    0.5098    0.4941    0.1451         0
    0.9882    0.9922    0.8510    0.5098    0.4941    0.1451         0
    0.9882    0.9922    0.8510    0.5098    0.4941    0.1451         0
    0.9882    0.9922    0.8510    0.5098    0.4941    0.1451         0
    0.9882    0.9922    0.8510    0.5098    0.4941    0.1451         0

  Columns 15 through 16

    0.0039    0.0118
    0.0039    0.0118
    0.0039    0.0118
    0.0039    0.0118
    0.0039    0.0118
    0.0039    0.0118
    0.0039    0.0118
    0.0039    0.0118
    0.0039    0.0118
    0.0039    0.0118
    0.0039    0.0118
    0.0039    0.0118
    0.0039    0.0118
    0.0039    0.0118
    0.0039    0.0118
    0.0039    0.0118


B_jpeg(:,:,2) =

  Columns 1 through 7

         0         0    0.0039         0         0    0.0824    0.0275
         0         0    0.0039         0         0    0.0824    0.0275
         0         0    0.0039         0         0    0.0824    0.0275
         0         0    0.0039         0         0    0.0824    0.0275
         0         0         0         0         0         0         0
         0         0    0.0039         0         0    0.0824    0.0275
         0         0    0.0039         0         0    0.0824    0.0275
         0         0    0.0039         0         0    0.0824    0.0275
         0         0         0         0         0         0         0
         0         0    0.0039         0         0    0.0824    0.0275
         0         0    0.0039         0         0    0.0824    0.0275
         0         0    0.0039         0         0    0.0824    0.0275
         0         0    0.0039         0         0    0.0824    0.0275
         0         0    0.0039         0         0    0.0824    0.0275
         0         0    0.0039         0         0    0.0824    0.0275
         0         0    0.0039         0         0    0.0824    0.0275

  Columns 8 through 14

         0         0    0.1059    0.2353    0.7333    0.9176    1.0000
         0         0    0.1059    0.2353    0.7333    0.9176    1.0000
         0         0    0.1059    0.2353    0.7333    0.9176    1.0000
         0         0    0.1059    0.2353    0.7333    0.9176    1.0000
         0         0    0.1059    0.2353    0.7333    0.9176    1.0000
         0         0    0.1059    0.2353    0.7333    0.9176    1.0000
         0         0    0.1059    0.2353    0.7333    0.9176    1.0000
         0         0    0.1059    0.2353    0.7333    0.9176    1.0000
         0         0    0.1059    0.2353    0.7333    0.9176    1.0000
         0         0    0.1059    0.2353    0.7333    0.9176    1.0000
         0         0    0.1059    0.2353    0.7333    0.9176    1.0000
         0         0    0.1059    0.2353    0.7333    0.9176    1.0000
         0         0    0.1059    0.2353    0.7333    0.9176    1.0000
         0         0    0.1059    0.2353    0.7333    0.9176    1.0000
         0         0    0.1059    0.2353    0.7333    0.9176    1.0000
         0         0    0.1059    0.2353    0.7333    0.9176    1.0000

  Columns 15 through 16

    0.9961    0.9843
    0.9961    0.9843
    0.9961    0.9843
    0.9961    0.9843
    0.9961    0.9843
    0.9961    0.9843
    0.9961    0.9843
    0.9961    0.9843
    0.9961    0.9843
    0.9961    0.9843
    0.9961    0.9843
    0.9961    0.9843
    0.9961    0.9843
    0.9961    0.9843
    0.9961    0.9843
    0.9961    0.9843


B_jpeg(:,:,3) =

  Columns 1 through 7

    1.0000    0.9882    0.9922    0.8353    0.5373    0.4353    0.1647
    1.0000    0.9882    0.9922    0.8353    0.5373    0.4353    0.1647
    1.0000    0.9882    0.9922         0    0.5373    0.4353    0.1647
    1.0000    0.9882    0.9922         0    0.5373    0.4353    0.1647
    1.0000         0         0         0         0         0         0
    1.0000         0    0.9922         0    0.5373    0.4353    0.1647
    1.0000         0    0.9922         0    0.5373    0.4353    0.1647
    1.0000         0    0.9922         0    0.5373    0.4353    0.1647
    1.0000         0         0         0         0         0         0
    1.0000    0.9882    0.9922    0.8353    0.5373    0.4353    0.1647
    1.0000    0.9882    0.9922    0.8353    0.5373    0.4353    0.1647
    1.0000    0.9882    0.9922    0.8353    0.5373    0.4353    0.1647
    1.0000    0.9882    0.9922    0.8353    0.5373    0.4353    0.1647
    1.0000    0.9882    0.9922    0.8353    0.5373    0.4353    0.1647
    1.0000    0.9882    0.9922    0.8353    0.5373    0.4353    0.1647
    1.0000    0.9882    0.9922    0.8353    0.5373    0.4353    0.1647

  Columns 8 through 14

    0.0078         0         0         0    0.1255    0.0196         0
    0.0078         0         0         0    0.1255    0.0196         0
    0.0078         0         0         0    0.1255    0.0196         0
    0.0078         0         0         0    0.1255    0.0196         0
         0         0         0         0    0.1255    0.0196         0
         0         0         0         0    0.1255    0.0196         0
         0         0         0         0    0.1255    0.0196         0
         0         0         0         0    0.1255    0.0196         0
         0         0         0         0    0.1255    0.0196         0
    0.0078         0         0         0    0.1255    0.0196         0
    0.0078         0         0         0    0.1255    0.0196         0
    0.0078         0         0         0    0.1255    0.0196         0
    0.0078         0         0         0    0.1255    0.0196         0
    0.0078         0         0         0    0.1255    0.0196         0
    0.0078         0         0         0    0.1255    0.0196         0
    0.0078         0         0         0    0.1255    0.0196         0

