A = rand(8,8)

A =

    0.8909    0.8143    0.3517    0.3804    0.5688    0.1656    0.2290    0.1067
    0.9593    0.2435    0.8308    0.5678    0.4694    0.6020    0.9133    0.9619
    0.5472    0.9293    0.5853    0.0759    0.0119    0.2630    0.1524    0.0046
    0.1386    0.3500    0.5497    0.0540    0.3371    0.6541    0.8258    0.7749
    0.1493    0.1966    0.9172    0.5308    0.1622    0.6892    0.5383    0.8173
    0.2575    0.2511    0.2858    0.7792    0.7943    0.7482    0.9961    0.8687
    0.8407    0.6160    0.7572    0.9340    0.3112    0.4505    0.0782    0.0844
    0.2543    0.4733    0.7537    0.1299    0.5285    0.0838    0.4427    0.3998

imwrite(A,'A.jpeg')
imwrite(A,'A.png');
imwrite(A,'A.bmp');
imwrite(A,'A.tif');
A = imread('A.jpeg')

A =

  232  196  105   99  144   35   56   32
  249   53  195  151  114  160  235  239
  134  242  152   14   10   73   42    0
   48   81  128   18   92  153  210  214
   41   42  253  134   41  170  142  198
   49   80   65  177  203  214  247  239
  220  146  212  236   90   96   21   10
   67  122  182   35  135    8  125  102

A = imread('A.png')

A =

  227  208   90   97  145   42   58   27
  245   62  212  145  120  154  233  245
  140  237  149   19    3   67   39    1
   35   89  140   14   86  167  211  198
   38   50  234  135   41  176  137  208
   66   64   73  199  203  191  254  222
  214  157  193  238   79  115   20   22
   65  121  192   33  135   21  113  102

A = imread('A.bmp')

A =

  227  208   90   97  145   42   58   27
  245   62  212  145  120  154  233  245
  140  237  149   19    3   67   39    1
   35   89  140   14   86  167  211  198
   38   50  234  135   41  176  137  208
   66   64   73  199  203  191  254  222
  214  157  193  238   79  115   20   22
   65  121  192   33  135   21  113  102

A = imread('A.tif')

A =

  227  208   90   97  145   42   58   27
  245   62  212  145  120  154  233  245
  140  237  149   19    3   67   39    1
   35   89  140   14   86  167  211  198
   38   50  234  135   41  176  137  208
   66   64   73  199  203  191  254  222
  214  157  193  238   79  115   20   22
   65  121  192   33  135   21  113  102

diary off
