B_Jpeg = rgb2gray(A_jpeg)

B_Jpeg =

   30   29   30   32   38   77   77   76   76   81   74  151  149  150  150  149
   30   29   30   32   38   77   77   76   76   81   74  151  149  150  150  149
   30   29   30   32   38   77   77   76   76   81   74  151  149  150  150  149
   30   29   30   32   38   77   77   76   76   81   74  151  149  150  150  149
   30   29   30   32   38   77   77   76   76   81   74  151  149  150  150  149
   30   29   30   32   38   77   77   76   76   81   74  151  149  150  150  149
   30   29   30   32   38   77   77   76   76   81   74  151  149  150  150  149
   30   29   30   32   38   77   77   76   76   81   74  151  149  150  150  149
   30   29   30   32   38   77   77   76   76   81   74  151  149  150  150  149
   30   29   30   32   38   77   77   76   76   81   74  151  149  150  150  149
   30   29   30   32   38   77   77   76   76   81   74  151  149  150  150  149
   30   29   30   32   38   77   77   76   76   81   74  151  149  150  150  149
   30   29   30   32   38   77   77   76   76   81   74  151  149  150  150  149
   30   29   30   32   38   77   77   76   76   81   74  151  149  150  150  149
   30   29   30   32   38   77   77   76   76   81   74  151  149  150  150  149
   30   29   30   32   38   77   77   76   76   81   74  151  149  150  150  149

B_png = rgb2gray(A_png)

B_png =

   29   29   29   29   29   76   76   76   76   76   76  150  150  150  150  150
   29   29   29   29   29   76   76   76   76   76   76  150  150  150  150  150
   29   29   29   29   29   76   76   76   76   76   76  150  150  150  150  150
   29   29   29   29   29   76   76   76   76   76   76  150  150  150  150  150
   29   29   29   29   29   76   76   76   76   76   76  150  150  150  150  150
   29   29   29   29   29   76   76   76   76   76   76  150  150  150  150  150
   29   29   29   29   29   76   76   76   76   76   76  150  150  150  150  150
   29   29   29   29   29   76   76   76   76   76   76  150  150  150  150  150
   29   29   29   29   29   76   76   76   76   76   76  150  150  150  150  150
   29   29   29   29   29   76   76   76   76   76   76  150  150  150  150  150
   29   29   29   29   29   76   76   76   76   76   76  150  150  150  150  150
   29   29   29   29   29   76   76   76   76   76   76  150  150  150  150  150
   29   29   29   29   29   76   76   76   76   76   76  150  150  150  150  150
   29   29   29   29   29   76   76   76   76   76   76  150  150  150  150  150
   29   29   29   29   29   76   76   76   76   76   76  150  150  150  150  150
   29   29   29   29   29   76   76   76   76   76   76  150  150  150  150  150

B_bmp = rgb2gray(A_bmp)

B_bmp =

   29   29   29   29   29   76   76   76   76   76   76  150  150  150  150  150
   29   29   29   29   29   76   76   76   76   76   76  150  150  150  150  150
   29   29   29   29   29   76   76   76   76   76   76  150  150  150  150  150
   29   29   29   29   29   76   76   76   76   76   76  150  150  150  150  150
   29   29   29   29   29   76   76   76   76   76   76  150  150  150  150  150
   29   29   29   29   29   76   76   76   76   76   76  150  150  150  150  150
   29   29   29   29   29   76   76   76   76   76   76  150  150  150  150  150
   29   29   29   29   29   76   76   76   76   76   76  150  150  150  150  150
   29   29   29   29   29   76   76   76   76   76   76  150  150  150  150  150
   29   29   29   29   29   76   76   76   76   76   76  150  150  150  150  150
   29   29   29   29   29   76   76   76   76   76   76  150  150  150  150  150
   29   29   29   29   29   76   76   76   76   76   76  150  150  150  150  150
   29   29   29   29   29   76   76   76   76   76   76  150  150  150  150  150
   29   29   29   29   29   76   76   76   76   76   76  150  150  150  150  150
   29   29   29   29   29   76   76   76   76   76   76  150  150  150  150  150
   29   29   29   29   29   76   76   76   76   76   76  150  150  150  150  150


B_tif = rgb2gray(A_tif(:,:,(1:3)))

B_tif =

   29   29   29   29   29   76   76   76   76   76   76  150  150  150  150  150
   29   29   29   29   29   76   76   76   76   76   76  150  150  150  150  150
   29   29   29   29   29   76   76   76   76   76   76  150  150  150  150  150
   29   29   29   29   29   76   76   76   76   76   76  150  150  150  150  150
   29   29   29   29   29   76   76   76   76   76   76  150  150  150  150  150
   29   29   29   29   29   76   76   76   76   76   76  150  150  150  150  150
   29   29   29   29   29   76   76   76   76   76   76  150  150  150  150  150
   29   29   29   29   29   76   76   76   76   76   76  150  150  150  150  150
   29   29   29   29   29   76   76   76   76   76   76  150  150  150  150  150
   29   29   29   29   29   76   76   76   76   76   76  150  150  150  150  150
   29   29   29   29   29   76   76   76   76   76   76  150  150  150  150  150
   29   29   29   29   29   76   76   76   76   76   76  150  150  150  150  150
   29   29   29   29   29   76   76   76   76   76   76  150  150  150  150  150
   29   29   29   29   29   76   76   76   76   76   76  150  150  150  150  150
   29   29   29   29   29   76   76   76   76   76   76  150  150  150  150  150
   29   29   29   29   29   76   76   76   76   76   76  150  150  150  150  150


diary off
